[gd_scene load_steps=5 format=3 uid="uid://dff1suxr0yf30"]

[ext_resource type="Script" uid="uid://c00owug1of1cl" path="res://drone_controller.gd" id="1_d5du7"]
[ext_resource type="PackedScene" uid="uid://d4atoy8wra66i" path="res://prop_arm.tscn" id="2_d5du7"]

[sub_resource type="BoxMesh" id="BoxMesh_etgmo"]

[sub_resource type="BoxShape3D" id="BoxShape3D_uvgqj"]

[node name="Body" type="RigidBody3D"]
script = ExtResource("1_d5du7")

[node name="MeshInstance3D" type="MeshInstance3D" parent="."]
transform = Transform3D(1, 0, 0, 0, 1, 0, 0, 0, 2, 0, 0, 0)
mesh = SubResource("BoxMesh_etgmo")

[node name="CollisionShape3D" type="CollisionShape3D" parent="."]
shape = SubResource("BoxShape3D_uvgqj")

[node name="PropArm" parent="." instance=ExtResource("2_d5du7")]
transform = Transform3D(0.707107, 0, 0.707107, 0, 1, 0, -0.707107, 0, 0.707107, -0.728423, 0.25, -1.21884)

[node name="PropArm2" parent="." instance=ExtResource("2_d5du7")]
transform = Transform3D(0.707107, 0, -0.707107, 0, 1, 0, 0.707107, 0, 0.707107, 0.728, 0.25, -1.219)

[node name="PropArm3" parent="." instance=ExtResource("2_d5du7")]
transform = Transform3D(-0.707107, 0, 0.707107, 0, 1, 0, -0.707107, 0, -0.707107, -0.728, 0.25, 1.219)

[node name="PropArm4" parent="." instance=ExtResource("2_d5du7")]
transform = Transform3D(-0.707107, 0, -0.707107, 0, 1, 0, 0.707107, 0, -0.707107, 0.728, 0.25, 1.219)
